94.210091
104.814989
105.545193
108.41517
109.162358
110.960499
111.526463
111.912971
112.718685
113.471905
124.479796
125.047166
125.540385
138.365465
155.474921
156.739592
158.653764
161.729456
170.934671
172.153741
173.517868
176.063243
177.835306
179.048435
181.77102
182.281927
184.745714
209.174059
256.983152
257.511882
258.129093
259.452993
272.896712
276.578254
281.230431
281.649841
282.453741
284.102426
308.022041
313.210249
331.877506
340.219705
344.582494
345.585556
348.440113
349.616893
351.113039
352.028912
353.808163
356.466644
361.549637
362.449773
366.863673
369.641043
371.341361
375.897755
378.011497
378.576417
382.600794
382.911995
385.361451
417.011655
439.112925
520.373379
522.555941
523.04034
524.16127
525.171723
526.907914
527.219433
528.29712
529.971701
531.638299
532.242789
533.120317
533.679546
534.461202
534.861927
538.632721
544.155079
546.00873
551.072948
555.088503
556.976803
559.003492
560.145646
562.543832
564.534172
565.242472
568.065488
568.902834
569.45966
571.493197
572.404354
574.000748
575.586485
580.122336
580.838458
582.068844
582.631451
583.830476
584.92288
590.992971
592.93551
594.988957
596.705011
597.352358
598.330091
600.28381
600.715828
601.310454
619.416327
623.03229
632.1539
646.727982
647.056599
648.51712
650.266372
652.458163
653.146531
654.939206
655.479887
656.986848
660.106327
662.049728
664.229932
665.736349
666.099342
668.600272
670.932404
672.943878
674.120567
676.528912
678.395125
679.62034
681.108503
681.573764
684.161383
689.026372
690.355465
693.113424
695.229342
698.809501
699.782358
702.31678
703.586735
705.574603
706.96127
708.679297
717.01
718.541497
718.925782
721.64263
723.153651
723.615714
725.899048
727.160839
727.862925
729.602313
732.196644
734.833878
736.600816
737.779478
739.408549
741.826553
747.69542
751.061633
752.271338
754.708798
758.084104
763.803696
766.922517
769.362948
778.611814
780.509841
782.133991
784.016689
784.70873
785.861451
786.922585
788.631156
789.27093
791.160771
792.315147
794.285805
795.369048
797.855578
798.976122
800.537279
802.325669
805.011973
807.207551
815.39288
817.303039
818.607052
820.89873
821.780612
825.554943
827.864989
830.250181
831.531995
834.297029
838.500091
840.282222
841.114218
844.687075
847.533537
851.216689
853.38424
855.859796
857.188254
859.035805
859.47102
860.713878
861.127528
862.642018
864.894785
866.485079
868.385215
871.00966
871.416735
872.139048
873.352902
875.72288
876.568277
878.858435
879.82907
884.258231
884.841451
886.760748
888.894717
889.346327
891.268458
893.007415
899.184875
900.980476
901.904603
903.711406
905.349955
906.42068
907.337551
908.56
909.973197
913.18678
915.347483
917.620068
920.628163
922.130023
924.917302
926.703537
927.906621
930.648685
933.868549
935.939546
938.692472
939.99966
940.78941
942.581066
943.159138
943.777846
947.462744
948.223787
949.22644
952.489002
958.951429
961.22059
976.400113
985.914104
988.309524
1099.169773
1100.642426
1101.238186
1102.701814
1103.951587
1107.316485
1108.039864
1111.115351
1117.232517
1117.989909
1120.668481
1122.745147
1125.525646
1127.562721
1130.63576
1136.291882
1137.259501
1145.638526
1152.458299
1154.042132
1155.633696
1156.74678
1159.28424
1161.719977
1163.491088
1164.783379
1166.418934
1170.525034
1171.363197
1179.055193
1181.47093
1182.041587
1182.869206
1183.266508
1184.431202
1185.68619
1187.930816
1192.932494
1193.427664
1194.110703
1195.343333
1196.393152
1198.54254
1199.711655
1202.110748
1204.869909
1206.127823
1207.440272
1209.196644
1210.845079
1213.301361
1214.897914
1215.487551
1216.554467
1217.925351
1220.157188
1222.535125
1223.502426
1225.291905
1226.513537
1227.874399
1230.63356
1231.880272
1232.993107
1234.096621
1235.692041
1236.769025
1237.763175
1238.212132
1239.486803
1240.896871
1242.817075
1244.557392
1245.245646
1248.896644
1250.073741
1251.022313
1251.67771
1252.555782
1256.092222
1257.357732
1260.836349
1263.281519
1264.466508
1265.602018
1267.216757
1267.659683
1270.325442
1271.598957
1272.165714
1273.954467
1275.132132
1276.936327
1278.621859
1279.429365
1280.794444
1281.727143
1283.319184
1285.135782
1285.876349
1286.910816
1287.757166
1289.559138
1290.95254
1292.959229
1294.807732
1296.83288
1297.618141
1299.506757
1301.13737
1302.666599
1303.910952
1306.183673
1307.192971
1308.460567
1309.780408
1311.419252
1313.106009
1316.177506
1317.333265
1319.009433
1320.954671
1321.768912
1322.212676
1326.934354
1330.613628
1334.003129
1336.117528
1339.145601
1339.980839
1340.960499
1341.504082
1342.499773
1343.78483
1345.674785
1347.429252
1350.392132
1351.301678
1352.52034
1354.405034
1355.908435
1359.496735
1360.594762
1361.405737
1366.969501
1372.579342
1374.699728
1377.40449
1381.154036
1382.494989
1383.269274
1384.245306
1395.737596
1396.75381
1398.797234
1399.623039
1400.806621
1401.46059
1402.296848
1405.24483
1406.617098
1406.956893
1408.478571
1409.822834
1411.598231
1412.36415
1415.536395
1416.170567
1418.436757
1421.005692
1421.897868
1423.22093
1425.014535
1426.587755
1429.01771
1429.366417
1430.144875
1435.576259
1436.393855
1436.949206
1437.417098
1437.897891
1438.394127
1438.927392
1439.480023
1441.199955
1441.774444
1442.800317
1443.31585
1443.868073
1444.320884
1445.145828
1445.525034
1446.283946
1446.665147
1447.164354
1447.735918
1449.324989
1453.867868
1455.311497
1456.887619
1459.658073
1460.499524
1461.098889
1462.497664
1463.637914
1466.465873
1466.839841
1468.716712
1470.225215
1472.277891
1473.550794
1473.902857
1477.067528
1477.749274
1478.322971
1479.133424
1480.910181
1481.241202
1481.884989
1482.301973
1483.591746
1484.033197
1486.677029
1490.330227
1491.881678
1493.418299
1494.938934
1496.91576
1499.462154
1500.741995
1504.458844
1506.859955
1510.119456
1511.608163
1514.165034
1515.230476
1516.745692
1517.889864
1520.331746
1521.014014
1522.758776
1523.573265
1524.438073
1525.710839
1527.446236
1528.912857
1531.111837
1532.816485
1535.965102
1538.536621
1539.108753
1540.722041
1541.926553
1542.510612
1544.091202
1546.912971
1548.636576
1553.660998
1554.485986
1555.091678
1556.465896
1557.847596
1559.491179
1562.170998
1563.752857
1569.261519
1572.578481
1572.988685
1575.729025
1576.187234
1579.127868
1581.657868
1582.53381
1583.009161
1585.156553
1585.729864
1586.310567
1587.166961
1591.022608
1591.699932
1592.410703
1593.111655
1593.845964
1594.760567
1595.24034
1603.932562
1606.339546
1608.395805
1608.988118
1610.366327
1612.21195
1615.159478
1616.173719
1617.697846
1619.002948
1620.566032
1621.294127
1621.67195
1623.348503
1625.049796
1627.259388
1628.815873
1629.496553
1631.152358
1632.172653
1634.666735
1636.221791
1638.117891
1639.706349
1641.302041
1642.726009
1643.636508
1644.120295
1648.652268
1650.616712
1651.279365
1651.794444
1657.692948
1659.092494
1660.507528
1661.32356
1662.749705
1665.709365
1667.504603
1668.814354
1670.492721
1670.987483
1671.440023
1672.958118
1674.14
1675.116372
1676.442585
1677.522313
1680.273152
1684.683832
1690.30644
1690.725465
1692.896168
1694.293673
1698.048707
1701.549138
1707.011383
1708.629751
1710.195374
1710.82551
1712.551723
1715.332336
1716.96678
1717.63712
1721.426349
1721.898118
1722.398413
1722.93127
1723.409184
1723.958821
1724.347551
1725.130317
1726.061088
1726.929683
1728.124444
1729.167052
1729.683605
1730.526508
1731.692857
1732.391882
1733.824036
1736.08093
1736.740635
1738.053061
1739.156871
1740.837075
1742.080113
1744.403039
1745.944739
1749.068617
1750.431088
1752.255873
1753.673719
1754.969116
1756.270884
1757.912902
1759.965737
1761.351701
1762.470658
1763.318299
1765.856122
1766.877982
1769.86585
1770.641973
1773.074603
1774.494966
1776.23424
1780.56619
1781.310272
1781.665147
1786.840113
1787.98195
1789.353288
1791.499184
1793.033855
1793.92712
1795.891224
1797.75551
1799.849932
1800.675283
1802.683243
1803.250408
1803.888844
1805.735556
1807.00102
1808.664807
1810.278662
1811.865215
1814.412086
1815.739206
1817.998662
1819.691973
1822.050703
1822.677664
1823.741361
1825.766871
1827.60619
1829.391179
1831.949819
1835.134966
1838.100703
1839.400726
1841.465374
1842.694354
1846.806395
1848.550159
1850.480023
1851.706599
1854.163039
1855.79102
1857.582222
1860.379388
1861.930363
1862.801859
1864.23127
1866.636417
1869.5322
1872.81458
1875.022358
1880.3661
1880.791156
1883.672381
1884.508594
1887.068798
1888.224898
1893.784739
1894.563991
1899.338798
1901.815669
1904.685374
1909.293016
1912.207664
1914.466395
1921.494376
1924.307755
1924.824467
1926.903129
1930.331723
1932.600136
1933.474422
1936.077438
1939.532834
1940.797256
1942.640884
1944.463311
1946.982971
1950.97415
1953.139206
1956.295964
1960.845193
1961.746236
1962.358027
1963.545238
1964.602086
1966.46424
1968.294172
1970.492562
1972.653333
1973.138277
1974.966168
1976.413764
1976.935556
1977.56576
1978.922245
1979.723379
1981.759116
1983.5839
1984.074966
1988.093605
1989.186122
1990.181814
1992.066871
1993.223583
1994.216009
1995.795941
1996.313855
2002.354286
2003.832608
2004.224649
2022.483129
2026.69449
2029.019932
2030.561655
2031.3661
2033.563288
2034.289728
2039.908005
2041.454286
2044.10805
2054.548639
2063.780907
2065.749546
2068.309728
2071.744444
2072.317324
2074.567166
2080.355737
2081.84322
2083.392245
2084.754104
2085.389388
2086.074172
2087.634082
2088.077891
2090.251156
2093.358776
2094.737098
2095.873197
2100.296417
2101.168458
2101.966553
2102.699138
2103.217188
2104.029546
2104.791224
2105.446689
2105.876871
2107.310726
2108.21161
2110.847256
2112.198639
2112.629274
2114.634898
2118.659932
2119.546803
2122.360227
2124.234354
2125.823401
2126.621111
2128.131156
2129.640113
2131.272562
2132.560544
2135.307914
2138.243356
2141.256259
2141.715238
2143.028209
2145.057891
2147.0861
2147.697823
2151.961361
2154.440658
2156.968662
2158.312222
2160.756281
2161.6678
2162.638345
2164.506712
2165.655828
2166.642653
2167.537959
2168.400612
2169.056531
2169.948435
2170.260499
2171.344218
2172.690816
2173.243288
2175.898163
2179.723832
2181.235646
2183.941202
2186.322834
2186.851791
2190.030295
2192.409002
2194.167506
2199.077551
2200.92483
2203.049252
2209.55644
2211.653741
2213.055442
2215.408957
2219.04034
2220.256259
2221.819365
2224.06805
2225.991361
2226.973469
2227.339433
2232.810726
2235.242971
2235.598435
2236.934399
2237.7161
2241.226712
2242.188503
2243.024308
2244.017619
2246.630816
2248.199229
2248.773265
2251.577937
2251.889546
2253.34093
2254.922358
2257.448118
2260.933084
2263.553469
2264.529819
2266.411519
2267.29551
2268.798503
2271.500431
2273.222063
2281.671111
2286.054785
2287.562517
2289.408617
2290.429796
2293.276871
2294.282517
2295.416757
2296.657914
2297.979932
2299.232857
2302.720748
2303.859932
2306.512676
2307.355306
2308.482744
2311.809365
2313.576803
2316.867143
2318.211837
2320.355782
2322.297256
2324.978345
2326.778662
2328.567755
2328.948798
2330.473968
2331.644966
2333.752381
2336.701202
2339.910975
2341.165238
2343.060499
2343.705193
2345.661451
2346.53254
2348.013265
2349.210522
2350.538662
2352.143628
2353.654762
2356.129501
2358.395714
2359.639025
2360.826757
2362.888776
2365.709909
2366.927868
2369.045329
2370.743401
2373.135873
2375.152562
2375.927982
2377.160658
2379.521474
2381.348776
2383.400068
2384.631247
2387.494308
2388.387302
2388.9822
2389.827166
2391.316531
2393.443243
2396.160612
2398.943333
2400.267052
2401.074059
2402.540204
2405.997279
2407.006735
2407.314467
2412.01483
2413.845442
2414.217755
2415.051361
2416.760045
2417.34941
2419.750998
2420.700295
2423.089093
2424.065578
2425.3278
2426.348912
2428.459002
2430.485828
2431.099342
2434.658345
2435.481519
2437.824943
2440.18458
2441.154399
2442.320816
2445.866327
2447.613469
2449.356961
2451.423129
2452.473061
2453.641973
2454.903197
2455.908866
2457.83746
2459.058299
2460.151429
2462.225873
2463.953832
2465.226304
2467.400272
2468.387959
2468.944694
2471.462222
2474.769161
2476.187438
2476.896259
2477.536689
2479.568662
2481.781973
2482.570181
2483.50161
2484.540952
2487.174059
2491.429206
2492.586848
2499.518821
