94.209456
108.395578
158.590794
646.69898
653.142608
654.929819
657.780385
658.358707
658.869184
659.387007
660.066168
661.527415
662.015873
662.640544
663.469728
664.116735
665.648458
668.517664
670.375079
676.517166
678.386349
679.600363
681.545556
684.161293
688.282834
776.290544
777.179161
778.497528
780.491859
782.111134
783.064807
783.756463
785.848662
786.868254
788.601134
789.261134
791.011383
792.295034
794.285737
795.357052
797.814558
798.961474
800.471746
802.238095
813.969977
815.35585
817.292086
818.360113
821.773107
827.72424
855.859229
864.389977
872.026508
873.320794
875.370703
876.528345
882.180703
883.784853
884.185215
886.733197
888.879478
891.242063
892.377755
892.961678
894.795669
895.686236
898.171429
899.017324
900.967664
901.904512
903.680612
907.325306
909.970612
911.216327
914.861542
916.492381
917.035329
917.589274
924.525079
926.641361
927.897959
929.238934
929.612676
942.421837
952.00839
953.802766
985.913923
987.693696
1158.047551
1158.776463
1167.703016
1169.662925
1182.039138
1184.290635
1185.354558
1188.982993
1192.930862
1193.426689
1194.00678
1194.509977
1196.315964
1199.127392
1199.710567
1200.92542
1201.526893
1202.109819
1204.866032
1206.736599
1207.396916
1209.153651
1210.366508
1213.28322
1214.835215
1216.553288
1217.886304
1219.569365
1222.49458
1225.279433
1226.49898
1227.854127
1232.929478
1234.094875
1235.680204
1236.693356
1266.108413
1266.632766
1267.041814
1270.280204
1273.950317
1275.131497
1275.808798
1276.600499
1278.577098
1305.04059
1305.471474
1306.04941
1307.186553
1308.431451
1309.774104
1314.871973
1316.084535
1317.332336
1318.950431
1320.944444
1324.123878
1325.46805
1326.066395
1328.573537
1329.502041
1333.57102
1335.469456
1336.104512
1338.725102
1363.333333
1364.61517
1365.325896
1366.12068
1366.964082
1369.019637
1372.508934
1373.526735
1374.466757
1376.52966
1377.361814
1378.620635
1379.38127
1379.85619
1380.986145
1382.41932
1384.030499
1386.379592
1388.832245
1391.510726
1392.690068
1393.056939
1393.573741
1394.702608
1396.660907
1398.764943
1399.596054
1406.605624
1408.475102
1408.936485
1409.822517
1411.597959
1412.06068
1415.337007
1416.096145
1418.369501
1421.00542
1421.727506
1423.101701
1426.585624
1428.994762
1437.416009
1437.896644
1438.394036
1438.925556
1439.479116
1441.199524
1441.773741
1442.785533
1443.306009
1443.853946
1444.320045
1444.997143
1445.524286
1445.944444
1449.268821
1453.205261
1459.623424
1480.650454
1510.111406
1514.118481
1519.783401
1520.289705
1522.756213
1523.553333
1527.427234
1538.49542
1548.599116
1563.715669
1587.116893
1588.356032
1591.021791
1591.699819
1592.409796
1593.110907
1593.844943
1594.759751
1595.199161
1609.644286
1610.289546
1610.835941
1611.439433
1612.057687
1615.140476
1618.925941
1620.546576
1623.009297
1625.021859
1627.259274
1628.707098
1629.447143
1632.145601
1634.297596
1636.205351
1639.561247
1641.274172
1642.704853
1643.59551
1647.47161
1647.969819
1648.478163
1649.58229
1650.164218
1651.257029
1652.557664
1657.256168
1677.505329
1684.637007
1686.48483
1686.792132
1688.075283
1689.26195
1689.696644
1690.305692
1691.205125
1691.665147
1694.980748
1695.770794
1697.028118
1697.411134
1698.68322
1700.117937
1708.080068
1710.811247
1717.506032
1718.202971
1718.666667
1720.111565
1723.346372
1726.927506
1727.796259
1762.383175
1763.318209
1765.165215
1766.855011
1767.811973
1768.606599
1772.470499
1774.356417
1785.307347
1795.890227
1799.103243
1803.888254
1808.658617
1809.925238
1846.356485
1853.716395
1874.86619
1877.223583
1879.124671
1882.229161
1882.773061
1889.642336
1890.457959
1891.665011
1891.967052
1892.929478
1893.733492
1895.76424
1896.158821
1899.33771
1901.785941
1904.678549
1909.248662
1912.206213
1914.450385
1916.632948
1918.046667
1918.597324
1920.371383
1926.763719
1928.74449
1929.207823
1929.715465
1930.271156
1931.152336
1932.013311
1935.829796
1939.281043
1940.445011
1942.323243
1942.640794
1944.071723
1946.946236
1958.373016
1959.4861
1960.783991
1961.703197
1962.314127
1964.57746
1966.46415
1968.282086
1970.492268
1972.653061
1976.394853
1977.543651
1978.921973
2068.1678
2074.479184
2081.799274
2084.737687
2085.38907
2087.588413
2090.240045
2093.20585
2094.736984
2095.837392
2100.287211
2101.128073
2101.907619
2102.679637
2103.200113
2103.893152
2104.789955
2105.445986
2105.856848
2108.210317
2110.568231
2112.198549
2112.602744
2116.077619
2117.845057
2118.544331
2119.535488
2122.3522
2123.677392
2124.214671
2125.792676
2126.612948
2128.073696
2129.638095
2131.262676
2135.304014
2138.242902
2140.274059
2140.849819
2141.256054
2143.026803
2145.043583
2151.155306
2151.935283
2154.418299
2156.959478
2158.297982
2160.74966
2164.432404
2168.317778
2169.942086
2173.191655
2175.896599
2179.723741
2181.21381
2183.93
2186.298889
2190.007619
2190.745442
2192.378503
2194.147052
2198.759841
2200.912154
2202.659524
2209.250567
2211.643039
2218.680408
2231.215964
2231.768866
2232.264286
2233.775624
2237.695306
2241.226553
2242.173129
2242.865828
2246.615147
2248.155238
2250.474671
2250.78805
2252.34381
2252.838776
2254.879819
2258.523719
2260.926757
2263.496916
2264.49
2266.385601
2267.220771
2268.779909
2273.093197
2273.842744
2275.018027
2275.642132
2276.140816
2276.659683
2277.643878
2279.111927
2282.793832
2283.265873
2287.535238
2292.91093
2296.622268
2297.94517
2299.232177
2302.71195
2306.512063
2311.801315
2316.787642
2324.966689
2328.469297
2330.447324
2339.897937
2341.164943
2342.894853
2346.504331
2347.987279
2349.156644
2350.489456
2352.116463
2353.642857
2356.022834
2358.216122
2359.613333
2362.813333
2366.875964
2368.223265
2369.036576
2370.703016
2372.637075
2375.099841
2375.843583
2376.872698
2378.58229
2379.472812
2381.268662
2383.320884
2398.939546
2399.981655
2401.068005
2402.080385
2407.001995
2408.98941
2412.012857
2413.80932
2415.049478
2416.756735
2417.290181
2419.73873
2420.667029
2423.062494
2424.043424
2425.272132
2426.34068
2428.36746
2430.451202
2431.076417
2434.639342
2435.422336
2437.798118
2439.675556
2445.187234
2453.517143
2457.688209
2459.858073
2463.926213
2466.547029
2467.358413
2468.228186
2471.444762
2491.428435
2499.517211
